0.000115 0.000106 0.000120 0.000061 0.000049 0.000066 0.000142 0.000053 0.000061 0.000100 0.000048 0.000055 0.000073 0.000044 0.000051 0.000054 0.000051 0.000059 0.000334 0.000044 0.000045 0.000086 0.000039 0.000108 0.000044 0.000123 0.000042 0.000069 0.000110 0.000067 0.000106 0.000104 0.000050 0.000091 0.000059 0.000045 0.000049 0.000140 0.000062 0.000090 0.000095 0.000042 0.000670 0.000041 0.000037 0.000039 0.000036 0.000044 0.000044 0.000280 0.000040 0.000042 0.000088 0.000064 0.000035 0.000041 0.000049 0.000096 0.000036 0.000035 0.000042 0.000107 0.000080 0.000047 0.000119 0.000252 0.000216 0.000072 0.000195 0.000072 0.000182 0.000203 0.000052 0.000067 0.000078 0.000068 0.000047 0.000072 0.000067 0.000065 0.000087 0.000047 0.000407 0.000038 0.000090 0.000045 0.000189 0.000051 0.000046 0.000072 0.000047 0.000163 0.000077 0.000039 0.000048 0.000036 0.000060 0.000053 0.000614 0.000041 
Average: 0.000094
Variance: 0.000000
Min: 0.000035
Max: 0.000670
