0.000061 0.000041 0.000041 0.000041 0.000042 0.000047 0.000040 0.000052 0.000043 0.000049 0.000048 0.000043 0.000051 0.000043 0.000040 0.000057 0.000040 0.000048 0.000041 0.000041 0.000042 0.000056 0.000041 0.000041 0.000043 0.000062 0.000063 0.000069 0.000046 0.000042 0.000042 0.000059 0.000042 0.000042 0.000042 0.000042 0.000042 0.000041 0.000050 0.000042 0.000047 0.000043 0.000041 0.000042 0.000044 0.000043 0.000042 0.000040 0.000040 0.000043 0.000040 0.000058 0.000037 0.000044 0.000037 0.000038 0.000037 0.000036 0.000039 0.000052 0.000039 0.000041 0.000037 0.000078 0.000064 0.000056 0.000050 0.000036 0.000040 0.000047 0.000045 0.000036 0.000036 0.000035 0.000038 0.000036 0.000041 0.000038 0.000037 0.000039 0.000036 0.000040 0.000040 0.000035 0.000037 0.000038 0.000036 0.000049 0.000037 0.000056 0.000039 0.000037 0.000036 0.000052 0.000041 0.000038 0.000044 0.000047 0.000033 0.000039 
Average: 0.000044
Variance: 0.000000
Min: 0.000033
Max: 0.000078
