0.002202 0.109421 0.007218 0.009279 0.005647 0.005213 0.030182 0.003391 0.002599 0.003934 0.006405 0.022677 0.040459 0.006982 0.003074 0.009096 0.005932 0.002017 0.010628 0.004708 0.012500 0.018608 0.018569 0.010953 0.002953 0.007278 0.033174 0.017578 0.037988 0.029475 0.029879 0.028765 0.001379 0.061143 0.005994 0.005713 0.013201 0.002068 0.002484 0.016212 0.016476 0.009927 0.020360 0.035045 0.003805 0.004102 0.005850 0.019519 0.022219 0.005377 0.002719 0.006013 0.007241 0.003372 0.036366 0.025037 0.033671 0.012153 0.007834 0.003030 0.019260 0.011718 0.006766 0.009275 0.009974 0.004374 0.012915 0.006812 0.002110 0.003586 0.040417 0.016738 0.009629 0.003853 0.012531 0.005135 0.010541 0.004210 0.003877 0.010412 0.004820 0.001486 0.066717 0.009557 0.009371 0.002957 0.016800 0.011220 0.006051 0.024441 0.028065 0.016739 0.003167 0.005076 0.010583 0.008641 0.020392 0.012514 0.045641 0.005123 
Average: 0.014406
Variance: 0.000251
Min: 0.001379
Max: 0.109421
