0.001539 0.000607 0.000524 0.001086 0.000990 0.000281 0.000346 0.000345 0.000437 0.000612 0.000142 0.000432 0.000226 0.000993 0.000479 0.000537 0.000337 0.001063 0.000777 0.000202 0.000212 0.000216 0.001287 0.000753 0.000104 0.003459 0.000542 0.000192 0.000635 0.002024 0.000323 0.000648 0.000325 0.000313 0.000673 0.000330 0.001045 0.001341 0.001255 0.000547 0.002494 0.000685 0.000518 0.000236 0.000698 0.000485 0.000323 0.001498 0.001660 0.000871 0.000555 0.000845 0.000712 0.000348 0.000671 0.000536 0.000334 0.000392 0.000487 0.000108 0.001365 0.000866 0.000958 0.000345 0.000820 0.000692 0.001047 0.000204 0.000368 0.001727 0.000508 0.000414 0.000481 0.000414 0.001386 0.002863 0.000614 0.001467 0.000478 0.000572 0.000297 0.000764 0.000678 0.000897 0.000251 0.001003 0.000133 0.000363 0.001097 0.001114 0.000287 0.000859 0.000396 0.000596 0.000869 0.001114 0.000613 0.000490 0.002141 0.001190 
Average: 0.000754
Variance: 0.000000
Min: 0.000104
Max: 0.003459
