0.046764 0.023926 0.025571 0.004542 0.009231 0.016869 0.014199 0.009951 0.008695 0.004262 0.006924 0.048404 0.034928 0.006658 0.004249 0.009118 0.005643 0.004771 0.012643 0.023867 0.026882 0.006924 0.012790 0.022006 0.006903 0.011466 0.010868 0.009604 0.026132 0.036852 0.014155 0.014546 0.009975 0.018525 0.008315 0.003950 0.014736 0.001386 0.017483 0.006867 0.003396 0.002597 0.013735 0.013694 0.003846 0.037022 0.003879 0.008118 0.004655 0.007144 0.006331 0.006259 0.035519 0.003899 0.044883 0.010378 0.011231 0.062494 0.003734 0.010715 0.013281 0.043478 0.007641 0.002642 0.004375 0.012716 0.002486 0.079993 0.003736 0.003534 0.023650 0.005952 0.002228 0.024948 0.004540 0.008690 0.012362 0.014718 0.003346 0.004805 0.008656 0.017684 0.049081 0.003984 0.039645 0.011650 0.026904 0.008060 0.005395 0.052062 0.037320 0.002898 0.004571 0.014329 0.026800 0.001532 0.022569 0.002670 0.148340 0.004822 
Average: 0.016632
Variance: 0.000394
Min: 0.001386
Max: 0.148340
