0.000000 0.000000 0.010000 0.010000 0.000000 0.000000 0.010000 0.010000 0.010000 0.000000 0.000000 0.000000 0.010000 0.000000 0.020000 0.000000 0.000000 0.000000 0.010000 0.000000 0.000000 0.010000 0.000000 0.020000 0.000000 0.020000 0.000000 0.010000 0.000000 0.000000 0.000000 0.010000 0.000000 0.000000 0.010000 0.000000 0.010000 0.000000 0.010000 0.000000 0.010000 0.000000 0.010000 0.010000 0.000000 0.000000 0.010000 0.000000 0.010000 0.000000 0.000000 0.000000 0.000000 0.010000 0.010000 0.000000 0.010000 0.000000 0.010000 0.010000 0.000000 0.010000 0.000000 0.000000 0.010000 0.000000 0.010000 0.000000 0.000000 0.000000 0.010000 0.000000 0.010000 0.000000 0.000000 0.000000 0.000000 0.010000 0.000000 0.010000 0.000000 0.010000 0.000000 0.010000 0.010000 0.000000 0.000000 0.000000 0.010000 0.000000 0.010000 0.020000 0.000000 0.000000 0.030000 0.010000 0.000000 0.010000 0.000000 0.010000 
Average: 0.004900
Variance: 0.000039
Min: 0.000000
Max: 0.030000
