0.011932 0.104877 0.016174 0.019155 0.005219 0.011416 0.007262 0.008416 0.016933 0.006270 0.015356 0.027267 0.058405 0.005240 0.021540 0.016710 0.021826 0.002268 0.009958 0.006110 0.035858 0.018483 0.026171 0.007194 0.009006 0.010326 0.009439 0.005700 0.017169 0.010549 0.050230 0.065076 0.007475 0.096364 0.006460 0.011653 0.024557 0.011152 0.004500 0.008304 0.016704 0.001898 0.050445 0.002678 0.003145 0.010423 0.020696 0.006599 0.010752 0.050286 0.008959 0.001025 0.045113 0.004805 0.022240 0.048790 0.014383 0.076090 0.029005 0.007730 0.023481 0.097429 0.024628 0.036596 0.004567 0.019451 0.003399 0.041336 0.009090 0.009918 0.004115 0.033884 0.011983 0.013268 0.004509 0.010317 0.017691 0.070895 0.005977 0.004515 0.039300 0.003125 0.031562 0.017718 0.014344 0.003449 0.022626 0.021362 0.023350 0.049784 0.020001 0.086374 0.015251 0.016539 0.006727 0.003814 0.007029 0.031249 0.113425 0.002856 
Average: 0.022367
Variance: 0.000570
Min: 0.001025
Max: 0.113425
