0.031353 0.190815 0.192955 0.114389 0.035034 0.075559 0.029739 0.018183 0.062783 0.068241 0.102765 0.080008 0.013056 0.065757 0.016220 0.169179 0.011943 0.057216 0.010051 0.165067 0.185958 0.048176 0.019895 0.078535 0.011659 0.025925 0.037895 0.019630 0.082621 0.170021 0.123316 0.218481 0.119776 0.064090 0.027177 0.030949 0.055277 0.026812 0.072071 0.019578 0.178155 0.130936 0.014346 0.040089 0.015677 0.066665 0.030310 0.107408 0.013731 0.042609 0.094388 0.115733 0.268334 0.064824 0.231670 0.011682 0.033234 0.115561 0.024123 0.028217 0.045260 0.112343 0.059716 0.010818 0.091130 0.010533 0.164221 0.068851 0.036901 0.038268 0.019282 0.037231 0.048603 0.136220 0.081324 0.043738 0.048791 0.069770 0.076877 0.118501 0.016124 0.043956 0.037722 0.118883 0.037547 0.050331 0.160276 0.012859 0.097753 0.040147 0.176761 0.019233 0.010249 0.173253 0.264801 0.015021 0.024722 0.050606 0.024873 0.004344 
Average: 0.072737
Variance: 0.003831
Min: 0.004344
Max: 0.268334
