0.005683 0.017393 0.011353 0.018693 0.001650 0.002427 0.004942 0.012954 0.004272 0.025112 0.002002 0.003499 0.015982 0.007799 0.004248 0.001539 0.001631 0.009795 0.003114 0.003769 0.002959 0.008954 0.002739 0.003551 0.000449 0.009595 0.004632 0.002773 0.003457 0.002665 0.000486 0.000970 0.006108 0.002739 0.010776 0.001253 0.002247 0.002972 0.011427 0.013693 0.002835 0.003929 0.005708 0.003825 0.001547 0.001119 0.004622 0.003183 0.000559 0.002987 0.003636 0.001343 0.005510 0.001912 0.003295 0.001610 0.003168 0.002495 0.014915 0.006057 0.001965 0.004025 0.006169 0.003162 0.005920 0.021351 0.005384 0.003655 0.001779 0.000989 0.006190 0.001280 0.005961 0.005726 0.012621 0.001414 0.001219 0.004207 0.001712 0.004456 0.010179 0.002979 0.017811 0.004336 0.003158 0.003253 0.001490 0.005142 0.002173 0.002867 0.002699 0.012311 0.001125 0.004647 0.008680 0.004094 0.008087 0.001948 0.009942 0.002942 
Average: 0.005356
Variance: 0.000023
Min: 0.000449
Max: 0.025112
