0.060000 0.090000 0.050000 0.010000 0.120000 0.110000 0.100000 0.060000 0.120000 0.040000 0.060000 0.080000 0.110000 0.050000 0.060000 0.070000 0.090000 0.020000 0.090000 0.080000 0.020000 0.040000 0.050000 0.020000 0.070000 0.090000 0.010000 0.030000 0.050000 0.120000 0.040000 0.050000 0.010000 0.170000 0.110000 0.070000 0.020000 0.020000 0.010000 0.160000 0.100000 0.060000 0.030000 0.040000 0.040000 0.090000 0.100000 0.080000 0.020000 0.010000 0.020000 0.080000 0.070000 0.090000 0.060000 0.070000 0.070000 0.080000 0.100000 0.220000 0.080000 0.080000 0.010000 0.050000 0.040000 0.050000 0.020000 0.030000 0.120000 0.020000 0.060000 0.110000 0.060000 0.110000 0.120000 0.070000 0.070000 0.010000 0.010000 0.030000 0.040000 0.080000 0.130000 0.090000 0.010000 0.120000 0.080000 0.080000 0.030000 0.100000 0.060000 0.050000 0.030000 0.030000 0.050000 0.060000 0.100000 0.050000 0.030000 0.080000 
Average: 0.065100
Variance: 0.001531
Min: 0.010000
Max: 0.220000
