0.000000 0.030000 0.010000 0.020000 0.010000 0.000000 0.010000 0.040000 0.010000 0.010000 0.020000 0.030000 0.000000 0.010000 0.010000 0.010000 0.010000 0.000000 0.020000 0.040000 0.010000 0.010000 0.020000 0.000000 0.010000 0.010000 0.010000 0.000000 0.010000 0.010000 0.050000 0.030000 0.010000 0.050000 0.010000 0.000000 0.010000 0.040000 0.000000 0.010000 0.000000 0.010000 0.010000 0.010000 0.010000 0.000000 0.000000 0.010000 0.000000 0.010000 0.010000 0.010000 0.010000 0.020000 0.000000 0.020000 0.000000 0.070000 0.020000 0.000000 0.000000 0.020000 0.020000 0.020000 0.020000 0.020000 0.010000 0.040000 0.010000 0.000000 0.010000 0.020000 0.010000 0.000000 0.000000 0.010000 0.030000 0.100000 0.000000 0.010000 0.010000 0.010000 0.080000 0.000000 0.000000 0.020000 0.010000 0.000000 0.010000 0.010000 0.010000 0.010000 0.030000 0.000000 0.010000 0.000000 0.010000 0.000000 0.060000 0.030000 
Average: 0.014700
Variance: 0.000301
Min: 0.000000
Max: 0.100000
