0.055658 0.130252 0.056056 0.038902 0.057294 0.217401 0.070433 0.124929 0.048248 0.015335 0.141760 0.049413 0.075097 0.058975 0.058699 0.082289 0.087024 0.041328 0.033389 0.074527 0.076366 0.009574 0.033156 0.097610 0.010077 0.028649 0.007777 0.100024 0.028371 0.051238 0.029198 0.145976 0.109385 0.119217 0.022070 0.026531 0.033162 0.013904 0.187911 0.052633 0.049595 0.099818 0.052204 0.084177 0.049365 0.083469 0.140220 0.029555 0.026736 0.070362 0.093217 0.099899 0.075974 0.043918 0.026758 0.105038 0.061842 0.121095 0.156877 0.098176 0.141356 0.107651 0.157279 0.085567 0.057005 0.090822 0.031191 0.065805 0.149419 0.101328 0.142552 0.066028 0.152147 0.099105 0.021226 0.079025 0.004851 0.110124 0.109331 0.118878 0.178728 0.070398 0.061590 0.184138 0.087407 0.079826 0.095000 0.071699 0.107257 0.210208 0.045109 0.012168 0.233194 0.125101 0.112209 0.057189 0.044793 0.110218 0.157524 0.045218 
Average: 0.082478
Variance: 0.002477
Min: 0.004851
Max: 0.233194
