0.352886 0.534500 0.629204 0.514890 0.570373 0.558149 0.724284 0.367981 0.675950 0.381560 0.508066 0.477147 0.323372 0.646236 0.583056 0.352404 0.751896 0.497578 0.315811 0.594631 0.493592 0.620840 0.427765 0.642720 0.547915 0.527493 0.486352 0.385177 0.543834 0.371980 0.648555 0.403657 0.523745 0.600190 0.410908 0.577000 0.694620 0.522661 0.750789 0.595079 0.670677 0.537074 0.496562 0.606191 0.299350 0.554850 0.712597 0.449272 0.605638 0.425506 0.595775 0.362574 0.429787 0.697601 0.479579 0.469145 0.498190 0.418101 0.564276 0.501055 0.432642 0.538528 0.525598 0.376325 0.596425 0.604955 0.447996 0.686875 0.369088 0.673529 0.785603 0.364490 0.518585 0.345221 0.480388 0.483520 0.487568 0.610579 0.515550 0.528045 0.571343 0.625910 0.523325 0.716713 0.496333 0.570739 0.764725 0.592536 0.378668 0.546339 0.480321 0.434243 0.587170 0.610972 0.589698 0.411368 0.499421 0.315431 0.373746 0.586713 
Average: 0.525559
Variance: 0.012911
Min: 0.299350
Max: 0.785603
