0.682503 0.567664 0.707166 0.589579 0.374910 0.623575 0.552435 0.462005 0.462295 0.457724 0.595845 0.592087 0.480898 0.449941 0.613505 0.701499 0.620547 0.667242 0.628610 0.515773 0.680316 0.443276 0.459015 0.589998 0.574598 0.698347 0.484378 0.558695 0.724140 0.597110 0.533319 0.595854 0.625301 0.557413 0.663522 0.603984 0.438351 0.390401 0.531027 0.657460 0.606057 0.552446 0.494043 0.547863 0.559223 0.512641 0.472705 0.457170 0.567068 0.362172 0.699344 0.441215 0.528486 0.461000 0.754698 0.523652 0.491122 0.405849 0.362203 0.553024 0.550303 0.610465 0.723508 0.508126 0.608276 0.628394 0.572769 0.552159 0.687477 0.637921 0.531984 0.437394 0.605009 0.514558 0.580248 0.629042 0.459603 0.494350 0.554635 0.618689 0.589366 0.471414 0.293624 0.639676 0.671247 0.604735 0.696590 0.685766 0.548287 0.607954 0.494915 0.369188 0.450574 0.493864 0.652202 0.661279 0.752283 0.337228 0.677714 0.646013 
Average: 0.559531
Variance: 0.009794
Min: 0.293624
Max: 0.754698
