0.201757 0.274025 0.222608 0.160456 0.220689 0.169857 0.205552 0.135407 0.169863 0.154851 0.177266 0.211430 0.324016 0.197227 0.111326 0.177784 0.159000 0.161899 0.284061 0.181949 0.219636 0.166235 0.136920 0.162880 0.138993 0.142713 0.248760 0.178824 0.180673 0.166138 0.211036 0.151013 0.173518 0.292803 0.146228 0.162547 0.206951 0.208230 0.153465 0.187434 0.203528 0.154818 0.217606 0.220767 0.130814 0.120594 0.224239 0.159350 0.226712 0.177371 0.127270 0.206974 0.284974 0.142571 0.326475 0.218795 0.133022 0.167488 0.163098 0.165560 0.149455 0.151014 0.226805 0.112461 0.235150 0.170299 0.259902 0.178640 0.193048 0.191412 0.293975 0.175902 0.176861 0.136136 0.134176 0.275843 0.113173 0.191437 0.188531 0.134066 0.208349 0.138631 0.365227 0.212758 0.258452 0.186306 0.325686 0.198940 0.189037 0.259111 0.141885 0.355162 0.209441 0.187028 0.208166 0.147034 0.338196 0.228496 0.256202 0.152814 
Average: 0.195633
Variance: 0.003095
Min: 0.111326
Max: 0.365227
