0.533284 0.558036 0.516264 0.363664 0.493434 0.471922 0.496154 0.600703 0.342244 0.425446 0.426251 0.498497 0.470552 0.401180 0.739308 0.640052 0.332128 0.740501 0.374083 0.545333 0.527042 0.431355 0.510716 0.410869 0.313897 0.518516 0.532668 0.192566 0.612213 0.453264 0.491637 0.313832 0.412583 0.482663 0.417842 0.452780 0.330588 0.710342 0.562295 0.461347 0.434925 0.523389 0.481834 0.490034 0.426749 0.577092 0.379695 0.525063 0.318033 0.419219 0.456075 0.596023 0.736296 0.640257 0.890650 0.440588 0.404403 0.564785 0.566456 0.360259 0.294349 0.605365 0.513574 0.470602 0.454010 0.450730 0.593965 0.550146 0.535664 0.459612 0.598147 0.678713 0.358887 0.388541 0.803324 0.521952 0.498629 0.530500 0.490775 0.559558 0.752942 0.599334 0.380273 0.382551 0.364301 0.437998 0.640120 0.625238 0.543452 0.534574 0.397208 0.471307 0.514758 0.928560 0.639477 0.536807 0.600061 0.695008 0.485811 0.449206 
Average: 0.506759
Variance: 0.015709
Min: 0.192566
Max: 0.928560
