0.175009 0.400289 0.217912 0.296942 0.198107 0.255097 0.330626 0.163496 0.295662 0.166083 0.188711 0.262439 0.375491 0.178638 0.171017 0.194111 0.179561 0.177352 0.393637 0.282578 0.190599 0.171887 0.258743 0.286216 0.236452 0.232071 0.299499 0.221661 0.203803 0.333360 0.309750 0.214198 0.288262 0.504263 0.216568 0.165362 0.227702 0.158414 0.139122 0.261350 0.180785 0.185917 0.263640 0.166186 0.173225 0.126731 0.305667 0.174590 0.245067 0.271047 0.181618 0.259164 0.364059 0.186695 0.346155 0.154418 0.255441 0.304689 0.200967 0.195077 0.156825 0.259523 0.258238 0.251554 0.189199 0.317861 0.399672 0.235370 0.196696 0.258098 0.262669 0.223203 0.248642 0.233639 0.200514 0.260996 0.195402 0.151591 0.211636 0.177991 0.267602 0.180903 0.507210 0.211745 0.292592 0.245525 0.289493 0.203259 0.226237 0.251340 0.244004 0.428160 0.267832 0.228214 0.316297 0.129570 0.387776 0.215335 0.365027 0.167033 
Average: 0.244777
Variance: 0.005764
Min: 0.126731
Max: 0.507210
