0.112819 0.156835 0.118154 0.132291 0.113951 0.122862 0.094841 0.103942 0.094038 0.086389 0.097178 0.101636 0.066835 0.110654 0.068773 0.100433 0.043205 0.067696 0.044099 0.104429 0.060160 0.109300 0.058027 0.127458 0.057335 0.103017 0.119311 0.096757 0.070235 0.096515 0.054443 0.081543 0.098217 0.077844 0.122262 0.075269 0.093159 0.074998 0.127462 0.166975 0.107102 0.114484 0.146510 0.086021 0.082890 0.045348 0.092930 0.088636 0.098898 0.081125 0.116320 0.060304 0.089724 0.050965 0.106315 0.092548 0.086109 0.079238 0.118144 0.066747 0.126258 0.091007 0.108403 0.097100 0.168586 0.067181 0.112654 0.073478 0.094403 0.061457 0.138861 0.067214 0.094806 0.071993 0.117366 0.065746 0.051990 0.096486 0.071720 0.106021 0.094483 0.073248 0.135859 0.102859 0.075259 0.080303 0.090722 0.107061 0.089941 0.067008 0.084342 0.100715 0.085991 0.081567 0.081812 0.129788 0.081940 0.095980 0.149856 0.121997 
Average: 0.094352
Variance: 0.000691
Min: 0.043205
Max: 0.168586
