34.946224 18.512872 42.133704 12.200487 38.715798 
Average: 29.301817
Variance: 138.799305
Min: 12.200487
Max: 42.133704
