0.665032 0.642791 0.520382 0.624152 0.665804 0.915402 0.815701 0.779422 0.928628 0.538798 0.410932 0.838181 0.541464 0.776608 0.372104 0.684560 0.379935 0.398119 0.605921 0.649194 0.562354 0.680264 0.776391 0.545137 0.550783 0.845282 0.570683 0.734679 0.615566 0.514944 0.642784 0.675627 0.808235 0.794731 0.639424 0.439407 0.686235 0.669988 0.656822 0.701711 0.932495 0.487555 0.641589 0.673820 0.595711 0.476957 1.310143 0.567943 0.732520 0.691806 0.628881 0.822171 0.498706 0.429051 0.655781 0.652646 0.678359 0.553455 0.868795 0.675752 0.670709 0.710053 0.538884 0.547556 0.709709 0.692983 0.678471 0.723401 0.774429 0.695581 0.698888 0.596617 0.990212 0.527335 0.433275 0.902101 0.750952 0.772983 0.571248 0.617045 0.747989 0.572756 0.906257 0.826340 0.600008 0.976464 0.847687 0.910578 0.900833 0.700774 0.791124 0.479184 0.599802 0.839925 0.903122 0.863064 0.849784 0.602567 0.870844 0.703556 
Average: 0.685334
Variance: 0.024183
Min: 0.372104
Max: 1.310143
