0.065948 0.118759 0.083252 0.082765 0.110248 0.103354 0.081905 0.107826 0.056544 0.064641 0.079383 0.106787 0.058702 0.109347 0.112101 0.068127 0.046071 0.093874 0.045779 0.063396 0.071756 0.073632 0.064087 0.073167 0.040716 0.096887 0.099522 0.059497 0.044054 0.066935 0.067222 0.087015 0.091302 0.072624 0.118975 0.062171 0.093830 0.033612 0.103959 0.150124 0.070475 0.078049 0.119906 0.091013 0.061662 0.053604 0.075974 0.086557 0.085247 0.040948 0.083913 0.054411 0.085866 0.038191 0.161786 0.089775 0.075357 0.115089 0.110256 0.106776 0.107457 0.067504 0.084788 0.109549 0.101548 0.128951 0.079299 0.067388 0.059628 0.038157 0.109571 0.051652 0.087530 0.080308 0.075726 0.073668 0.075234 0.070572 0.074820 0.096656 0.071780 0.066346 0.121379 0.087449 0.064661 0.064153 0.064175 0.090954 0.075304 0.058649 0.083359 0.102764 0.064241 0.049232 0.090022 0.193470 0.086824 0.088945 0.115414 0.098809 
Average: 0.082927
Variance: 0.000700
Min: 0.033612
Max: 0.193470
