0.514138 0.624163 0.305828 0.351036 0.393445 0.520284 0.260846 0.578860 0.292382 0.269446 0.270464 0.371437 0.327260 0.226052 0.704167 0.436653 0.315394 0.380378 0.284645 0.440499 0.620960 0.409577 0.298263 0.362645 0.361365 0.346146 0.297013 0.286538 0.371004 0.245601 0.406888 0.507273 0.327317 0.352818 0.296219 0.313645 0.384238 0.496892 0.359411 0.362700 0.308345 0.349232 0.285176 0.439856 0.319558 0.432421 0.380761 0.368402 0.272277 0.427588 0.292997 0.372525 0.414432 0.476737 0.777699 0.242709 0.318775 0.447049 0.397010 0.357304 0.384883 0.464572 0.388552 0.358810 0.341740 0.364220 0.561530 0.365156 0.483774 0.364720 0.534115 0.377191 0.435399 0.473188 0.651046 0.312443 0.469361 0.436862 0.422625 0.301932 0.223407 0.512136 0.407162 0.325159 0.419774 0.364013 0.494827 0.333767 0.249520 0.447554 0.313332 0.309476 0.207899 0.626290 0.442968 0.403839 0.448148 0.449518 0.325643 0.278056 
Average: 0.390294
Variance: 0.011191
Min: 0.207899
Max: 0.777699
