0.000052 0.000034 0.000034 0.000034 0.000032 0.000033 0.000034 0.000033 0.000033 0.000033 0.000033 0.000034 0.000033 0.000034 0.000032 0.000034 0.000034 0.000033 0.000033 0.000034 0.000033 0.000033 0.000034 0.000032 0.000034 0.000034 0.000034 0.000034 0.000033 0.000034 0.000033 0.000033 0.000034 0.000034 0.000033 0.000033 0.000033 0.000034 0.000034 0.000033 0.000033 0.000033 0.000034 0.000034 0.000034 0.000033 0.000033 0.000033 0.000033 0.000034 0.000034 0.000033 0.000033 0.000034 0.000033 0.000042 0.000033 0.000032 0.000034 0.000032 0.000032 0.000035 0.000033 0.000032 0.000033 0.000034 0.000035 0.000041 0.000030 0.000031 0.000030 0.000030 0.000031 0.000030 0.000030 0.000031 0.000030 0.000030 0.000030 0.000030 0.000030 0.000031 0.000029 0.000030 0.000031 0.000030 0.000031 0.000030 0.000030 0.000031 0.000031 0.000030 0.000031 0.000030 0.000031 0.000031 0.000030 0.000060 0.000032 0.000031 
Average: 0.000033
Variance: 0.000000
Min: 0.000029
Max: 0.000060
