0.000873 0.002659 0.003303 0.001896 0.001047 0.000958 0.000851 0.003274 0.000827 0.002864 0.003306 0.001262 0.001398 0.004219 0.002313 0.000737 0.000825 0.007590 0.001060 0.002460 0.000517 0.002761 0.001966 0.008311 0.001393 0.001213 0.000878 0.005011 0.003134 0.001837 0.001196 0.003652 0.001551 0.000834 0.004468 0.002378 0.001187 0.000952 0.002605 0.009784 0.001027 0.001275 0.001810 0.002229 0.004941 0.001034 0.001809 0.002001 0.001819 0.002477 0.001894 0.002103 0.000567 0.000623 0.001030 0.001658 0.001325 0.002021 0.002437 0.002238 0.001183 0.002065 0.002832 0.000772 0.002010 0.006256 0.000891 0.003753 0.002820 0.001522 0.000911 0.001089 0.002100 0.001563 0.002020 0.000668 0.002449 0.001665 0.000918 0.006841 0.001217 0.002387 0.002401 0.001566 0.002864 0.002375 0.002582 0.001124 0.002088 0.001525 0.003783 0.003544 0.004908 0.005955 0.001772 0.001317 0.010166 0.004403 0.002985 0.001562 
Average: 0.002405
Variance: 0.000003
Min: 0.000517
Max: 0.010166
