0.000193 0.000105 0.000054 0.000099 0.000263 0.000201 0.000120 0.000090 0.000140 0.000091 0.000272 0.000787 0.000187 0.000220 0.000089 0.000095 0.000057 0.000074 0.000040 0.000040 0.000144 0.000045 0.000052 0.000140 0.000037 0.000125 0.000060 0.000077 0.000271 0.000063 0.000059 0.000055 0.000118 0.000038 0.000039 0.000102 0.000088 0.000083 0.000111 0.000095 0.000037 0.000146 0.000068 0.000107 0.000075 0.000089 0.000317 0.000072 0.000290 0.000094 0.000090 0.000071 0.000038 0.000046 0.000096 0.000035 0.000054 0.000313 0.000193 0.000039 0.000053 0.000048 0.000070 0.000051 0.000318 0.000081 0.000453 0.000049 0.000033 0.000078 0.000115 0.000133 0.000241 0.000202 0.000179 0.000102 0.000105 0.000180 0.000187 0.000095 0.000064 0.000092 0.000063 0.000076 0.000089 0.000159 0.000046 0.000044 0.000085 0.000138 0.000109 0.000267 0.000123 0.000043 0.000042 0.000120 0.000116 0.000242 0.000055 0.000164 
Average: 0.000122
Variance: 0.000000
Min: 0.000033
Max: 0.000787
