0.000177 0.000231 0.000278 0.000123 0.000098 0.000134 0.000307 0.000087 0.000126 0.000214 0.000093 0.000112 0.000153 0.000085 0.000101 0.000109 0.000103 0.000109 0.000813 0.000098 0.000098 0.000204 0.000087 0.000256 0.000099 0.000175 0.000089 0.000165 0.000264 0.000159 0.000253 0.000252 0.000111 0.000214 0.000136 0.000104 0.000111 0.000331 0.000144 0.000213 0.000222 0.000091 0.001695 0.000101 0.000089 0.000099 0.000089 0.000110 0.000111 0.000738 0.000097 0.000107 0.000228 0.000164 0.000088 0.000100 0.000125 0.000266 0.000086 0.000086 0.000099 0.000171 0.000131 0.000122 0.000272 0.000361 0.000300 0.000102 0.000216 0.000078 0.000207 0.000294 0.000064 0.000090 0.000070 0.000089 0.000055 0.000074 0.000073 0.000068 0.000105 0.000056 0.000634 0.000059 0.000091 0.000055 0.000259 0.000064 0.000057 0.000061 0.000060 0.000177 0.000121 0.000061 0.000076 0.000056 0.000093 0.000083 0.000949 0.000063 
Average: 0.000178
Variance: 0.000000
Min: 0.000055
Max: 0.001695
