0.000315 0.000501 0.000124 0.000116 0.000352 0.000299 0.000378 0.004992 0.000195 0.005121 0.000116 0.000069 0.003186 0.000059 0.004011 0.001066 0.000113 0.000487 0.000116 0.002964 0.000253 0.001350 0.000082 0.000130 0.001511 0.000225 0.000512 0.000132 0.000236 0.000756 0.000306 0.000208 0.000167 0.000226 0.000252 0.000097 0.000079 0.000273 0.000061 0.004803 0.001159 0.000596 0.001271 0.000158 0.001174 0.001093 0.000103 0.001405 0.000073 0.003890 0.000088 0.002822 0.000059 0.000089 0.000093 0.000107 0.000104 0.000436 0.000213 0.000077 0.001657 0.000373 0.000867 0.001173 0.000336 0.000476 0.006864 0.000377 0.000543 0.000186 0.000382 0.001322 0.000078 0.000220 0.000539 0.000149 0.000299 0.000216 0.000207 0.007454 0.000177 0.000093 0.000067 0.000274 0.000785 0.000075 0.000134 0.000257 0.000381 0.000165 0.000309 0.001880 0.000488 0.001934 0.000373 0.000134 0.000345 0.000117 0.000144 0.000099 
Average: 0.000832
Variance: 0.000002
Min: 0.000059
Max: 0.007454
