0.000096 0.000089 0.000089 0.000092 0.000103 0.000086 0.000104 0.000084 0.000080 0.000091 0.000079 0.000092 0.000118 0.000093 0.000081 0.000074 0.000073 0.000109 0.000078 0.000082 0.000083 0.000221 0.000081 0.000078 0.000082 0.000094 0.000081 0.000082 0.000094 0.000081 0.000076 0.000101 0.000114 0.000075 0.000098 0.000088 0.000098 0.000106 0.000076 0.000163 0.000083 0.000081 0.000160 0.000088 0.000117 0.000079 0.000100 0.000088 0.000082 0.000101 0.000078 0.000076 0.000077 0.000075 0.000079 0.000090 0.000137 0.000189 0.000100 0.000080 0.000082 0.000181 0.000100 0.000089 0.000076 0.000141 0.000076 0.000093 0.000102 0.000078 0.000080 0.000081 0.000079 0.000079 0.000123 0.000076 0.000083 0.000084 0.000087 0.000276 0.000094 0.000079 0.000093 0.000077 0.000100 0.000079 0.000087 0.000086 0.000116 0.000076 0.000092 0.000143 0.000083 0.000090 0.000087 0.000088 0.000086 0.000078 0.000094 0.000134 
Average: 0.000097
Variance: 0.000000
Min: 0.000073
Max: 0.000276
