0.000552 0.000272 0.042163 0.003946 0.000132 0.000257 0.001455 0.001350 0.000351 0.000123 0.000180 0.000182 0.001422 0.014176 0.002236 0.000599 0.000649 0.000125 0.000274 0.001018 0.000432 0.000132 0.000824 0.000245 0.003472 0.000129 0.000112 0.008281 0.000188 0.000201 0.000120 0.000134 0.000547 0.002540 0.035641 0.000355 0.000274 0.000117 0.000083 0.000563 0.001438 0.000141 0.000214 0.003245 0.000182 0.000794 1.325754 0.000303 0.001074 0.000220 0.000232 0.000252 0.006729 0.000565 0.000286 0.001596 0.001221 0.002315 0.000112 0.000761 0.027936 0.000078 0.001561 0.006771 0.000119 0.000217 0.000196 0.000696 0.000251 0.000197 0.003659 0.000137 0.000385 0.000561 0.000149 0.008924 0.001443 0.000589 0.000269 0.095804 0.000124 0.000253 0.007301 0.003283 0.000182 0.053195 0.000144 0.000073 0.000116 0.002621 0.000171 0.000150 0.000111 0.014486 0.000644 0.000330 0.000157 0.000203 0.000071 0.000090 
Average: 0.017069
Variance: 0.017451
Min: 0.000071
Max: 1.325754
