2.580270 0.558548 0.056357 0.152326 1.580960 0.398464 0.057889 0.489606 0.198082 0.129041 0.021297 0.144194 0.300085 0.124188 0.468283 0.071936 0.526528 0.538647 1.905604 0.197410 1.279029 0.671004 0.358668 0.055225 1.025306 0.112278 0.094414 1.046733 0.766512 0.219319 0.025722 0.230443 0.149363 0.087402 1.949011 0.372692 2.683729 0.409648 0.206238 0.054034 1.315091 0.028521 0.159159 0.219878 0.436767 0.087747 0.380173 0.645052 0.183375 0.062068 0.087788 1.579046 0.608666 0.229457 0.301033 1.682338 0.113344 1.321379 0.021737 0.624317 0.040860 0.062141 1.750240 0.213801 0.111686 0.306248 0.088931 0.196437 0.179849 0.206362 0.256017 0.047119 0.493450 0.110528 0.847722 0.959237 0.391344 0.370189 0.144015 0.120057 0.095347 0.085562 0.178157 0.131788 0.093506 0.188125 0.057328 0.072959 0.376557 0.248443 0.149202 0.220517 0.071409 0.318011 0.025846 0.618636 0.025160 0.037280 0.968394 0.097428 
Average: 0.433393
Variance: 0.302742
Min: 0.021297
Max: 2.683729
