1.830494 0.679611 0.000118 0.000071 0.000039 0.000040 0.000039 0.000135 0.000041 0.000041 0.000053 0.000037 0.000037 0.000046 0.000041 0.000040 0.000038 0.000037 0.000109 0.000041 0.000041 0.000040 0.000054 0.000054 0.000041 0.000045 0.000040 0.000037 0.000037 0.000133 0.000041 0.000040 0.000054 0.000040 0.000040 0.000041 0.000040 0.000040 0.000040 0.000040 0.000177 0.000040 0.000040 0.000044 0.000055 0.000037 0.000045 0.000041 0.000040 0.000037 0.000037 0.000123 0.000044 0.000040 0.000054 0.000037 0.000037 0.000125 0.000040 0.000040 0.000052 0.000037 0.000124 0.000040 0.000041 0.000055 0.000037 0.000037 0.000124 0.000040 0.000040 0.000052 0.000047 0.000037 0.000041 0.000040 0.000040 0.000037 0.000037 0.000124 0.000040 0.000040 0.000054 0.000037 0.000037 0.000037 0.000037 0.000037 0.000038 0.000038 0.000038 0.000044 0.000038 0.000122 0.000040 0.000041 0.000055 0.000037 0.000037 0.000037 
Average: 0.025152
Variance: 0.037493
Min: 0.000037
Max: 1.830494
