0.004971 0.004427 0.004517 0.003584 0.002597 0.002792 0.004116 0.002425 0.003263 0.002484 0.003224 0.002594 0.002500 0.002830 0.002612 0.002887 0.002125 0.002396 0.003566 0.004511 0.003168 0.003645 0.003562 0.002829 0.002525 0.002341 0.002223 0.002665 0.002486 0.002457 0.003988 0.002823 0.002541 0.003609 0.002786 0.002969 0.002635 0.003977 0.003346 0.002850 0.003152 0.002705 0.004805 0.003283 0.002030 0.002450 0.002364 0.002685 0.003808 0.003497 0.002928 0.002574 0.003212 0.002922 0.002594 0.002752 0.003106 0.003097 0.002187 0.002320 0.002646 0.002392 0.003971 0.002294 0.002923 0.003290 0.003509 0.003296 0.002485 0.002349 0.002800 0.005153 0.002529 0.004091 0.003182 0.002890 0.003090 0.004279 0.003073 0.002685 0.002788 0.002544 0.004264 0.002753 0.002882 0.003822 0.004155 0.003299 0.001996 0.004334 0.002147 0.004139 0.002790 0.004123 0.003103 0.002069 0.003176 0.003009 0.004739 0.002415 
Average: 0.003098
Variance: 0.000001
Min: 0.001996
Max: 0.005153
