0.022541 0.001893 0.002237 0.001753 0.001008 0.000962 0.002145 0.000771 0.001253 0.000908 0.001561 0.001008 0.000700 0.000763 0.001003 0.001366 0.000729 0.000882 0.001376 0.003030 0.001552 0.002182 0.001630 0.001128 0.000880 0.000695 0.000684 0.000973 0.000880 0.000731 0.001159 0.001024 0.000825 0.001626 0.000730 0.001258 0.000961 0.001924 0.001303 0.001142 0.001353 0.001055 0.002479 0.001717 0.000644 0.000953 0.000805 0.001068 0.001860 0.001394 0.001218 0.000823 0.001300 0.001263 0.001000 0.001000 0.001753 0.000974 0.000644 0.000608 0.001005 0.000760 0.002053 0.000820 0.000885 0.001277 0.001456 0.001249 0.000657 0.000666 0.000932 0.003002 0.000877 0.002298 0.001556 0.001126 0.001258 0.002615 0.001353 0.001029 0.000970 0.000884 0.002135 0.000680 0.000663 0.002126 0.002173 0.001666 0.000552 0.002786 0.000611 0.002412 0.000923 0.002533 0.001337 0.000560 0.001514 0.001393 0.002554 0.000807 
Average: 0.001512
Variance: 0.000005
Min: 0.000552
Max: 0.022541
