0.018108 0.000555 0.000888 0.000487 0.000529 0.000617 0.000526 0.000472 0.000480 0.000459 0.000461 0.000465 0.000526 0.000474 0.000590 0.000404 0.000399 0.000524 0.000408 0.000412 0.000478 0.000563 0.000487 0.000634 0.000394 0.000404 0.000429 0.000404 0.000647 0.000383 0.000385 0.000466 0.000448 0.000449 0.000452 0.000651 0.000662 0.000453 0.000610 0.000424 0.000583 0.000378 0.000404 0.000470 0.000416 0.000428 0.000423 0.000405 0.000500 0.000442 0.000565 0.000425 0.000401 0.000391 0.000490 0.000782 0.000567 0.000416 0.000413 0.000422 0.000419 0.000383 0.000438 0.000575 0.000555 0.000428 0.000437 0.000537 0.000531 0.000386 0.000406 0.000436 0.000458 0.000397 0.000616 0.000365 0.000386 0.000485 0.000389 0.000387 0.000492 0.000524 0.000575 0.000708 0.000458 0.000416 0.000409 0.000507 0.000595 0.000390 0.000407 0.000713 0.000461 0.000421 0.000473 0.000659 0.000406 0.000485 0.000404 0.000512 
Average: 0.000660
Variance: 0.000003
Min: 0.000365
Max: 0.018108
