2.336775 0.469969 0.050480 0.142848 1.362163 0.377313 0.053637 0.547180 0.198677 0.136456 0.014814 0.141378 0.242382 0.121339 0.418054 0.074919 0.485141 0.509462 1.557475 0.169481 1.169019 0.699726 0.399433 0.042784 0.974840 0.107925 0.085424 0.728982 0.710205 0.182746 0.020196 0.211709 0.160003 0.084631 2.074154 0.362402 2.529803 0.421106 0.184522 0.045256 1.154012 0.020286 0.143290 0.219808 0.334909 0.082820 0.215577 0.613520 0.124562 0.055310 0.068320 1.293359 0.552047 0.215449 0.275730 1.511688 0.053352 1.129197 0.015640 0.548293 0.037411 0.053096 1.599441 0.205656 0.108977 0.282358 0.056981 0.144560 0.145588 0.203223 0.236802 0.042091 0.488554 0.099422 0.772999 0.766130 0.418043 0.299316 0.125061 0.070031 0.098778 0.065814 0.147979 0.134689 0.081493 0.173922 0.058293 0.055931 0.355535 0.107638 0.123791 0.238056 0.054573 0.318067 0.021386 0.560127 0.018777 0.034379 0.964865 0.076486 
Average: 0.390783
Variance: 0.253488
Min: 0.014814
Max: 2.529803
