3.662837 3.593635 3.533694 3.621830 3.528828 3.536669 3.619004 3.545220 3.660329 3.602344 3.578692 3.630159 3.567652 3.531993 3.554111 3.575175 3.730481 3.539829 3.596229 3.601617 3.493426 3.630453 3.574345 3.743276 3.601861 3.540607 3.561262 3.426278 3.612596 3.659716 3.597581 3.647714 3.523634 3.616002 3.677887 3.531381 3.647930 3.609280 3.493535 3.609121 3.563389 3.618756 3.528019 3.596937 3.550740 3.617356 3.609667 3.557562 3.639992 3.621777 3.541012 3.636644 3.527773 3.575044 3.567053 3.724373 3.569882 3.579458 3.582994 3.627418 3.638910 3.489050 3.519314 3.622835 3.465298 3.567073 3.502379 3.767101 3.720277 3.622956 3.596735 3.550847 3.630135 3.649161 3.751579 3.612927 3.605567 3.630170 3.670526 3.482196 3.585124 3.631951 3.691075 3.583782 3.490662 3.682833 3.534383 3.577725 3.665576 3.618499 3.549468 3.640016 3.643075 3.485597 3.677304 3.644037 3.561341 3.554235 3.634064 3.693375 
Average: 3.596832
Variance: 0.004226
Min: 3.426278
Max: 3.767101
