0.025077 0.017072 0.009119 0.009047 0.017145 0.014747 0.007018 0.009848 0.004502 0.012678 0.041731 0.005522 0.006886 0.005419 0.010980 0.010034 0.015686 0.010961 0.010014 0.012034 0.009191 0.004710 0.007466 0.007854 0.009228 0.006202 0.006233 0.004568 0.026639 0.034659 0.007061 0.011053 0.019882 0.010746 0.007875 0.008491 0.005807 0.014472 0.008633 0.023337 0.007855 0.017469 0.040217 0.008033 0.009804 0.005265 0.003303 0.005419 0.010107 0.009570 0.015143 0.015922 0.005856 0.010008 0.026512 0.006546 0.005518 0.004813 0.015878 0.006992 0.008791 0.011342 0.009581 0.015734 0.009319 0.008837 0.006650 0.026088 0.011126 0.028100 0.013273 0.015277 0.022148 0.007488 0.020262 0.006035 0.007342 0.012592 0.010637 0.015032 0.009380 0.016016 0.005264 0.005334 0.027552 0.007712 0.021339 0.010361 0.023946 0.005279 0.005492 0.013488 0.005484 0.009346 0.008493 0.011062 0.008579 0.012998 0.005465 0.011720 
Average: 0.012098
Variance: 0.000057
Min: 0.003303
Max: 0.041731
