0.040093 0.013869 0.007960 0.007710 0.018120 0.015705 0.005543 0.007131 0.003005 0.009742 0.043912 0.003214 0.004024 0.003448 0.009148 0.006979 0.013704 0.009217 0.007571 0.010005 0.007706 0.002106 0.004931 0.005587 0.006870 0.004675 0.004660 0.001753 0.024127 0.033356 0.004968 0.007547 0.016943 0.007768 0.005793 0.006603 0.003389 0.012726 0.006962 0.020097 0.005559 0.013814 0.038487 0.005039 0.006802 0.002531 0.001345 0.002849 0.006815 0.007425 0.013608 0.013952 0.003965 0.008249 0.025369 0.004847 0.002758 0.002863 0.014322 0.005037 0.005864 0.007417 0.007496 0.014114 0.006913 0.006331 0.003450 0.023193 0.008031 0.024243 0.011565 0.011040 0.018382 0.004997 0.017783 0.003345 0.005676 0.011117 0.008386 0.011893 0.007737 0.012155 0.003538 0.002876 0.025768 0.005705 0.019791 0.007603 0.020905 0.002748 0.003457 0.011221 0.003428 0.007108 0.006058 0.009525 0.006461 0.008973 0.002751 0.009598 
Average: 0.010029
Variance: 0.000068
Min: 0.001345
Max: 0.043912
