0.002689 0.002604 0.002776 0.002222 0.002089 0.002429 0.002149 0.002252 0.002049 0.002001 0.002035 0.002075 0.002192 0.001822 0.002098 0.001717 0.001788 0.002051 0.001730 0.001858 0.001891 0.002280 0.001851 0.002050 0.001801 0.001780 0.001859 0.001857 0.002045 0.001767 0.001620 0.001796 0.001943 0.001658 0.001930 0.001942 0.002011 0.001967 0.001958 0.002266 0.001887 0.001763 0.002294 0.001824 0.002168 0.001761 0.001869 0.001760 0.001919 0.001811 0.001941 0.001733 0.001784 0.001746 0.001770 0.002147 0.002107 0.002184 0.001851 0.001709 0.001785 0.002188 0.001937 0.002014 0.002025 0.002054 0.001812 0.001952 0.002040 0.001868 0.001738 0.001925 0.001838 0.001693 0.002124 0.001766 0.001815 0.001983 0.001782 0.002134 0.002018 0.002056 0.001999 0.002127 0.001871 0.001877 0.002000 0.001950 0.002160 0.001842 0.001870 0.002385 0.001827 0.001745 0.002149 0.002289 0.001969 0.001893 0.001990 0.002014 
Average: 0.001974
Variance: 0.000000
Min: 0.001620
Max: 0.002776
